Welcome. This program analyzes the data of different contaminants in the air of Catalonia.
Right now is configured to analyze the following contaminant: pm10.

Importing data...

Obtaining info about stations...

Filling gaps of information...

Summary of the stations: 
    CODI EOI                        NOM ESTACIÓ                     MUNICIPI    LATITUD   LONGITUD  ALTITUD TIPUS ESTACIÓ
0    8019004               Barcelona (Poblenou)                    Barcelona   41.40388   2.204501        3    background
1    8019043               Barcelona (Eixample)                    Barcelona  41.385315  2.1537998       26       traffic
2    8019044  Barcelona (Gràcia - Sant Gervasi)                    Barcelona  41.398724  2.1533988       57       traffic
3    8019054       Barcelona (Parc Vall Hebron)                    Barcelona   41.42611  2.1480017      136    background
4    8019057            Barcelona (Palau Reial)                    Barcelona   41.38749  2.1151996       81    background
5    8019058      Barcelona (Observatori Fabra)                    Barcelona   41.41843  2.1238973      415    background
6    8101001          L'Hospitalet de Llobregat  Hospitalet de Llobregat, l'  41.370476  2.1149993       29    background
7    8125002                  Montcada i Reixac            Montcada i Reixac   41.48197  2.1882975       34       traffic
8    8125013  Montcada i Reixac (Can Sant Joan)            Montcada i Reixac  41.469826  2.1758358       29    industrial
9    8184006                               Rubí                         Rubí  41.492115  2.0424972      171    background
10   8187012                           Sabadell                     Sabadell  41.561214  2.1011107      210       traffic
11   8194008                Sant Adrià de Besòs          Sant Adrià de Besòs  41.425594  2.2221997        7    industrial
12   8260010           Santa Perpètua de Mogoda     Santa Perpètua de Mogoda  41.526722     2.1838       84    background
13   8263001     Sant Vicenç dels Horts (Ribot)       Sant Vicenç dels Horts   41.39219  2.0097985       38    background 

Obtaining matrix of distances...

The constant Tau is: 9.6071.

Obtaining matrix of weights and adjacencies...

Summary of the matrices:
Distances Matrix:
0.0	4.7149	4.3115	5.3299	7.6869	6.9303	8.3549	8.7779	7.706	16.7122	19.4911	2.8294	13.7524	16.3341
4.7149	0.0	1.4896	4.5566	3.2376	4.4473	3.6402	11.1152	9.565	15.0739	20.0255	7.2611	15.9038	12.0683
4.3115	1.4896	0.0	3.0748	3.4297	3.2977	4.4898	9.6946	8.1164	13.9094	18.5676	6.4804	14.4409	12.0312
5.3299	4.5566	3.0748	0.0	5.0912	2.1881	6.7672	7.0587	5.3836	11.4647	15.5076	6.2026	11.5674	12.1541
7.6869	3.2376	3.4297	5.0912	0.0	3.5124	1.8897	12.1422	10.4551	13.1126	19.3302	9.8973	16.4916	8.8309
6.9303	4.4473	3.2977	2.1881	3.5124	0.0	5.3776	8.8746	7.1709	10.6409	15.9718	8.2561	13.0266	9.9758
8.3549	3.6402	4.4898	6.7672	1.8897	5.3776	0.0	13.8157	12.1497	14.8064	21.2157	10.8555	18.2806	9.1243
8.7779	11.1152	9.6946	7.0587	12.1422	8.8746	13.8157	0.0	1.7037	12.2282	11.4202	6.8722	4.9845	17.9439
7.706	9.565	8.1164	5.3836	10.4551	7.1709	12.1497	1.7037	0.0	11.4083	11.9135	6.2565	6.354	16.3386
16.7122	15.0739	13.9094	11.4647	13.1126	10.6409	14.8064	12.2282	11.4083	0.0	9.101	16.7332	12.4069	11.4294
19.4911	20.0255	18.5676	15.5076	19.3302	15.9718	21.2157	11.4202	11.9135	9.101	0.0	18.1416	7.8917	20.2625
2.8294	7.2611	6.4804	6.2026	9.8973	8.2561	10.8555	6.8722	6.2565	16.7332	18.1416	0.0	11.6806	18.1429
13.7524	15.9038	14.4409	11.5674	16.4916	13.0266	18.2806	4.9845	6.354	12.4069	7.8917	11.6806	0.0	20.8468
16.3341	12.0683	12.0312	12.1541	8.8309	9.9758	9.1243	17.9439	16.3386	11.4294	20.2625	18.1429	20.8468	0.0

Adjacency Matrix:
0.0	1.0	1.0	1.0	1.0	1.0	1.0	1.0	1.0	0.0	0.0	1.0	0.0	0.0
1.0	0.0	1.0	1.0	1.0	1.0	1.0	0.0	1.0	0.0	0.0	1.0	0.0	0.0
1.0	1.0	0.0	1.0	1.0	1.0	1.0	1.0	1.0	0.0	0.0	1.0	0.0	0.0
1.0	1.0	1.0	0.0	1.0	1.0	1.0	1.0	1.0	0.0	0.0	1.0	0.0	0.0
1.0	1.0	1.0	1.0	0.0	1.0	1.0	0.0	0.0	0.0	0.0	1.0	0.0	1.0
1.0	1.0	1.0	1.0	1.0	0.0	1.0	1.0	1.0	0.0	0.0	1.0	0.0	1.0
1.0	1.0	1.0	1.0	1.0	1.0	0.0	0.0	0.0	0.0	0.0	0.0	0.0	1.0
1.0	0.0	1.0	1.0	0.0	1.0	0.0	0.0	1.0	0.0	0.0	1.0	1.0	0.0
1.0	1.0	1.0	1.0	0.0	1.0	0.0	1.0	0.0	0.0	0.0	1.0	1.0	0.0
0.0	0.0	0.0	0.0	0.0	0.0	0.0	0.0	0.0	0.0	1.0	0.0	0.0	0.0
0.0	0.0	0.0	0.0	0.0	0.0	0.0	0.0	0.0	1.0	0.0	0.0	1.0	0.0
1.0	1.0	1.0	1.0	1.0	1.0	0.0	1.0	1.0	0.0	0.0	0.0	0.0	0.0
0.0	0.0	0.0	0.0	0.0	0.0	0.0	1.0	1.0	0.0	1.0	0.0	0.0	0.0
0.0	0.0	0.0	0.0	1.0	1.0	1.0	0.0	0.0	0.0	0.0	0.0	0.0	0.0

Weight Matrix:
0.0	0.786	0.8176	0.7351	0.5272	0.5943	0.4694	0.4339	0.5255	0.0	0.0	0.9169	0.0	0.0
0.786	0.0	0.9762	0.7986	0.8926	0.8071	0.8663	0.0	0.3711	0.0	0.0	0.5648	0.0	0.0
0.8176	0.9762	0.0	0.9026	0.8803	0.8889	0.8038	0.3612	0.4898	0.0	0.0	0.6344	0.0	0.0
0.7351	0.7986	0.9026	0.0	0.7552	0.9494	0.6089	0.5828	0.7305	0.0	0.0	0.6591	0.0	0.0
0.5272	0.8926	0.8803	0.7552	0.0	0.8749	0.962	0.0	0.0	0.0	0.0	0.346	0.0	0.4296
0.5943	0.8071	0.8889	0.9494	0.8749	0.0	0.731	0.426	0.5728	0.0	0.0	0.4778	0.0	0.3402
0.4694	0.8663	0.8038	0.6089	0.962	0.731	0.0	0.0	0.0	0.0	0.0	0.0	0.0	0.4058
0.4339	0.0	0.3612	0.5828	0.0	0.426	0.0	0.0	0.969	0.0	0.0	0.5995	0.764	0.0
0.5255	0.3711	0.4898	0.7305	0.0	0.5728	0.0	0.969	0.0	0.0	0.0	0.6544	0.6457	0.0
0.0	0.0	0.0	0.0	0.0	0.0	0.0	0.0	0.0	0.0	0.4076	0.0	0.0	0.0
0.0	0.0	0.0	0.0	0.0	0.0	0.0	0.0	0.0	0.4076	0.0	0.0	0.5093	0.0
0.9169	0.5648	0.6344	0.6591	0.346	0.4778	0.0	0.5995	0.6544	0.0	0.0	0.0	0.0	0.0
0.0	0.0	0.0	0.0	0.0	0.0	0.0	0.764	0.6457	0.0	0.5093	0.0	0.0	0.0
0.0	0.0	0.0	0.0	0.4296	0.3402	0.4058	0.0	0.0	0.0	0.0	0.0	0.0	0.0

Laplacian Matrix (Normalized):
1.0	-0.132	-0.131	-0.118	-0.092	-0.096	-0.088	-0.089	-0.098	0.0	0.0	-0.173	0.0	0.0
-0.132	1.0	-0.153	-0.125	-0.152	-0.127	-0.16	0.0	-0.068	0.0	0.0	-0.104	0.0	0.0
-0.131	-0.153	1.0	-0.134	-0.142	-0.133	-0.14	-0.068	-0.085	0.0	0.0	-0.111	0.0	0.0
-0.118	-0.125	-0.134	1.0	-0.122	-0.142	-0.107	-0.111	-0.127	0.0	0.0	-0.115	0.0	0.0
-0.092	-0.152	-0.142	-0.122	1.0	-0.142	-0.184	0.0	0.0	0.0	0.0	-0.066	0.0	-0.166
-0.096	-0.127	-0.133	-0.142	-0.142	1.0	-0.129	-0.081	-0.1	0.0	0.0	-0.084	0.0	-0.122
-0.088	-0.16	-0.14	-0.107	-0.184	-0.129	1.0	0.0	0.0	0.0	0.0	0.0	0.0	-0.17
-0.089	0.0	-0.068	-0.111	0.0	-0.081	0.0	1.0	-0.214	0.0	0.0	-0.134	-0.271	0.0
-0.098	-0.068	-0.085	-0.127	0.0	-0.1	0.0	-0.214	1.0	0.0	0.0	-0.133	-0.209	0.0
0.0	0.0	0.0	0.0	0.0	0.0	0.0	0.0	0.0	1.0	-0.667	0.0	0.0	0.0
0.0	0.0	0.0	0.0	0.0	0.0	0.0	0.0	0.0	-0.667	1.0	0.0	-0.384	0.0
-0.173	-0.104	-0.111	-0.115	-0.066	-0.084	0.0	-0.134	-0.133	0.0	0.0	1.0	0.0	0.0
0.0	0.0	0.0	0.0	0.0	0.0	0.0	-0.271	-0.209	0.0	-0.384	0.0	1.0	0.0
0.0	0.0	0.0	0.0	-0.166	-0.122	-0.17	0.0	0.0	0.0	0.0	0.0	0.0	1.0

Eigenvalues or "Graph Adjacency Spectrum":

 [0.         0.21507291 0.57456418 0.84422036 1.03858757 1.08555526
 1.14579961 1.14862929 1.1608947  1.19705621 1.21956419 1.28581527
 1.29609131 1.78814915]

Eigenvectors:
-0.309	0.076	0.055	-0.313	0.215	-0.451	0.076	-0.154	-0.574	-0.344	-0.244	0.07	0.079	-0.014
-0.316	0.108	-0.149	-0.219	-0.408	-0.185	-0.59	-0.184	0.2	0.066	0.147	0.412	-0.01	0.004
-0.333	0.097	-0.064	-0.194	-0.3	0.018	0.387	0.699	0.038	0.157	-0.135	0.179	0.179	-0.011
-0.332	0.079	0.04	-0.154	-0.054	0.584	0.339	-0.548	0.024	0.042	-0.013	0.1	0.292	-0.024
-0.305	0.123	-0.312	0.177	0.006	-0.142	0.205	-0.107	0.531	-0.42	-0.293	-0.19	-0.329	0.011
-0.331	0.095	-0.102	0.132	0.203	0.482	-0.44	0.344	-0.199	-0.392	0.174	-0.204	0.061	-0.017
-0.282	0.117	-0.335	0.247	-0.253	-0.152	0.128	-0.135	-0.369	0.385	0.324	-0.435	-0.183	0.006
-0.261	-0.103	0.466	0.22	0.055	-0.0	0.228	0.033	-0.039	-0.122	0.425	0.382	-0.49	0.127
-0.285	-0.067	0.417	0.1	0.001	0.122	-0.276	-0.005	-0.041	0.402	-0.61	-0.172	-0.259	0.085
-0.082	-0.566	-0.313	-0.233	0.171	0.13	0.012	0.024	-0.054	0.12	-0.026	0.118	-0.321	-0.582
-0.123	-0.666	-0.2	-0.054	-0.01	-0.017	-0.003	-0.005	0.013	-0.035	0.009	-0.051	0.143	0.688
-0.282	0.048	0.189	-0.325	0.514	-0.228	-0.028	0.04	0.396	0.272	0.33	-0.297	0.171	-0.028
-0.178	-0.379	0.322	0.383	-0.296	-0.223	-0.02	-0.039	0.088	-0.19	0.041	-0.168	0.448	-0.402
-0.139	0.066	-0.285	0.562	0.451	-0.108	-0.017	-0.007	-0.009	0.265	-0.124	0.456	0.265	-0.001

Obtaining pollution data matrix, please wait...

Amount of data missing per station:

2.0, 4.0, 7.0, 29.0, 169.0, 66.0, 3.0, 5.0, 17.0, 11.0, 7.0, 2.0, 12.0, 5.0

Finding columns to be dropped...

These are the stations that do not fullfill the 0.85 constraint:
[]

Index of those columns:
[]

Size Data Set pre-Drop NA: 672.
Size Data Set post-Drop NA: 380.

MEAN: 20.610526315789475.
Reconstructing data on station: Barcelona (Eixample). For the second round, the faulty station will be: Barcelona (Parc Vall Hebron).

@@@@@@@@@@@@@@@@@@@@
@@@ Data Set: #0 @@@
@@@@@@@@@@@@@@@@@@@@

Splitting data set...

@@@@@@@@@@ LC @@@@@@@@@@
Linear Combination Reconstruction...

Linear combination RMSE: 5.393775832188134.
                    MBE: -3.003471691105435.


@@@@@@@@@@ MLR @@@@@@@@@@
Linear Regression - ML...
Summary of Training:

Coefficient of Determination: 0.8435926675949482.
Intercept: 2.358895241070279.
Slope: [ 0.00726063  0.65772997 -0.01592692 -0.20542913  0.09856676  0.38206624
  0.17663608 -0.10884201].

Linear Regression RMSE: 6.302305161916589.
                   MBE: 2.885513362064038.


@@@@@@@@@@ Stankovic @@@@@@@@@@
Stankovic Method...

Stankovic RMSE: 24.887781200607836.
           MBE: -20.264576460091913.

@@@@@@@@@@@@@@@@@@@@
@@@ Data Set: #1 @@@
@@@@@@@@@@@@@@@@@@@@

Splitting data set...

@@@@@@@@@@ LC @@@@@@@@@@
Linear Combination Reconstruction...

Linear combination RMSE: 5.409931678597209.
                    MBE: -3.011770786816375.


@@@@@@@@@@ MLR @@@@@@@@@@
Linear Regression - ML...
Summary of Training:

Coefficient of Determination: 0.8435521231650158.
Intercept: 2.3856483394138266.
Slope: [ 0.00685899  0.65597713 -0.00520352 -0.20767936  0.09220747  0.38266344
  0.17673416 -0.11048244].

Linear Regression RMSE: 6.312970599644057.
                   MBE: 2.911961273453949.


@@@@@@@@@@ Stankovic @@@@@@@@@@
Stankovic Method...

Stankovic RMSE: 24.840964117888273.
           MBE: -20.252212753087793.

