Welcome. This program analyzes the data of different contaminants in the air of Catalonia.
Right now is configured to analyze the following contaminant: no2.

Importing data...

Obtaining info about stations...

Filling gaps of information...

Summary of the stations: 
    CODI EOI                               NOM ESTACIÓ                     MUNICIPI    LATITUD   LONGITUD  ALTITUD TIPUS ESTACIÓ
0    8015021                                  Badalona                     Badalona  41.443985  2.2378986        7    background
1    8019004                      Barcelona (Poblenou)                    Barcelona   41.40388   2.204501        3    background
2    8019042                         Barcelona (Sants)                    Barcelona   41.37878   2.133099       35    background
3    8019043                      Barcelona (Eixample)                    Barcelona  41.385315  2.1537998       26       traffic
4    8019044         Barcelona (Gràcia - Sant Gervasi)                    Barcelona  41.398724  2.1533988       57       traffic
5    8019050                    Barcelona (Ciutadella)                    Barcelona  41.386406  2.1873982        7    background
6    8019057                   Barcelona (Palau Reial)                    Barcelona   41.38749  2.1151996       81    background
7    8019058             Barcelona (Observatori Fabra)                    Barcelona   41.41843  2.1238973      415    background
8    8089005                                      Gavà                         Gavà  41.303097  1.9914981       25    background
9    8101001                 L'Hospitalet de Llobregat  Hospitalet de Llobregat, l'  41.370476  2.1149993       29    background
10   8114006                                 Martorell                    Martorell  41.475384  1.9212021       78    background
11   8124009                         Mollet del Vallès            Mollet del Vallès  41.549183  2.2120984       90       traffic
12   8125002                         Montcada i Reixac            Montcada i Reixac   41.48197  2.1882975       34       traffic
13   8157003                  Pallejà (Roca de Vilana)                      Pallejà   41.41528  1.9905012       82    industrial
14   8169008  El Prat de Llobregat (Jardins de la Pau)        Prat de Llobregat, el  41.321487  2.0977015        5    background
15   8169009            El Prat de Llobregat (Sagnier)        Prat de Llobregat, el  41.321774     2.0821        7    background
16   8184006                                      Rubí                         Rubí  41.492115  2.0424972      171    background
17   8187012                                  Sabadell                     Sabadell  41.561214  2.1011107      210       traffic
18   8194008                       Sant Adrià de Besòs          Sant Adrià de Besòs  41.425594  2.2221997        7    industrial
19   8196001                   Sant Andreu de la Barca      Sant Andreu de la Barca    41.4508  1.9748996       40       traffic
20   8205002                     Sant Cugat del Vallès        Sant Cugat del Vallès  41.476814  2.0889983      113    background
21   8245012                  Santa Coloma de Gramenet     Santa Coloma de Gramenet  41.447422   2.209497       23    background
22   8252006                        Barberà del Vallès           Barberà del Vallès  41.512684  2.1253984      131    background
23   8260010                  Santa Perpètua de Mogoda     Santa Perpètua de Mogoda  41.526722     2.1838       84    background
24   8263001            Sant Vicenç dels Horts (Ribot)       Sant Vicenç dels Horts   41.39219  2.0097985       38    background
25   8263007                    Sant Vicenç dels Horts       Sant Vicenç dels Horts  41.400845  1.9997202       65    industrial
26   8301004                       Viladecans - Atrium                   Viladecans   41.31335  2.0136087       14    background 

Obtaining matrix of distances...

The constant Tau is: 13.1541.

Obtaining matrix of weights and adjacencies...

Summary of the matrices:
Distances Matrix:
0.0	5.2568	11.3675	9.5862	8.6699	7.6629	12.0249	9.9424	25.8795	13.1245	26.6881	11.8806	5.9135	20.9234	17.9614	18.8164	17.1762	17.3191	2.4277	21.9902	12.9635	2.4039	12.1041	10.2397	19.9182	20.479	23.7175
5.2568	0.0	6.5904	4.7149	4.3115	2.4108	7.6869	6.9303	21.0479	8.3549	24.9727	16.1503	8.7779	17.9377	12.7902	13.7128	16.7122	19.4911	2.8294	19.8871	12.6013	4.8539	13.7733	13.7524	16.3341	17.1274	18.8743
11.3675	6.5904	0.0	1.8775	2.7909	4.6202	1.7825	4.4703	14.53	1.7729	20.7085	20.0432	12.3544	12.5954	7.0188	7.6354	14.6895	20.4371	9.0855	15.4569	11.495	9.9457	14.8856	16.9682	10.4202	11.4215	12.3619
9.5862	4.7149	1.8775	0.0	1.4896	2.8129	3.2376	4.4473	16.3677	3.6402	21.8643	18.84	11.1152	14.0554	8.5023	9.2629	15.0739	20.0255	7.2611	16.6309	11.5154	8.3223	14.3436	15.9038	12.0683	13.0011	14.1962
8.6699	4.3115	2.7909	1.4896	0.0	3.1555	3.4297	3.2977	17.2154	4.4898	21.1918	17.4149	9.6946	13.7443	9.7623	10.4225	13.9094	18.5676	6.4804	16.0029	10.2073	7.1585	12.8711	14.4409	12.0312	12.8535	15.0579
7.6629	2.4108	4.6202	2.8129	3.1555	0.0	6.04	6.3911	18.8264	6.3094	24.3458	18.1959	10.6138	16.7746	10.408	11.3653	16.8667	20.7094	5.2355	19.1505	12.9794	7.0239	14.9511	15.5868	14.868	15.7777	16.6543
12.0249	7.6869	1.7825	3.2376	3.4297	6.04	0.0	3.5124	13.9655	1.8897	18.9267	19.6981	12.1422	10.8748	7.4752	7.8064	13.1126	19.3302	9.8973	13.6752	10.1594	10.3176	13.9305	16.4916	8.8309	9.771	11.8356
9.9424	6.9303	4.4703	4.4473	3.2977	6.3911	3.5124	0.0	16.9352	5.3776	18.0807	16.2833	8.8746	11.1578	10.9874	11.2899	10.6409	15.9718	8.2561	12.9618	7.1099	7.8458	10.4689	13.0266	9.9758	10.5648	14.8777
25.8795	21.0479	14.53	16.3677	17.2154	18.8264	13.9655	16.9352	0.0	12.7619	20.0174	32.9699	25.7984	12.4594	9.1246	7.8651	21.4215	30.0955	23.6154	16.4627	20.9458	24.2799	25.8297	29.5858	10.0126	10.8777	2.1737
13.1245	8.3549	1.7729	3.6402	4.4898	6.3094	1.8897	5.3776	12.7619	0.0	19.9552	21.4416	13.8157	11.5401	5.6301	6.0694	14.8064	21.2157	10.8555	14.724	12.0085	11.6387	15.8179	18.2806	9.1243	10.2152	10.5957
26.6881	24.9727	20.7085	21.8643	21.1918	24.3458	18.9267	18.0807	20.0174	19.9552	0.0	25.63	22.3207	8.8372	22.5831	21.7277	10.2992	17.7875	25.752	5.2517	14.0164	24.2852	17.5472	22.6548	11.8409	10.5639	19.585
11.8806	16.1503	20.0432	18.84	17.4149	18.1959	19.6981	16.2833	32.9699	21.4416	25.63	0.0	7.7248	23.7423	27.0356	27.4945	15.5107	9.3551	13.7521	22.6194	13.0463	11.304	8.2938	3.435	24.2815	24.2098	31.0045
5.9135	8.7779	12.3544	11.1152	9.6946	10.6138	12.1422	8.8746	25.7984	13.8157	22.3207	7.7248	0.0	18.112	19.3667	19.8848	12.2282	11.4202	6.8722	18.1601	8.3135	4.226	6.2626	4.9845	17.9439	18.1534	23.7513
20.9234	17.9377	12.5954	14.0554	13.7443	16.7746	10.8748	11.1578	12.4594	11.5401	8.8372	23.7423	18.112	0.0	13.7459	12.9064	9.5758	18.6553	19.4034	4.1549	10.6983	18.6494	15.6216	20.3449	3.0299	1.7789	11.4844
17.9614	12.7902	7.0188	8.5023	9.7623	10.408	7.4752	10.9874	9.1246	5.6301	22.5831	27.0356	19.3667	13.7459	0.0	1.3066	19.5043	26.6262	15.5616	17.6567	17.2662	16.8245	21.3606	23.9031	10.7594	12.0372	7.0989
18.8164	13.7128	7.6354	9.2629	10.4225	11.3653	7.8064	11.2899	7.8651	6.0694	21.7277	27.4945	19.8848	12.9064	1.3066	0.0	19.206	26.6402	16.4414	16.9039	17.2287	17.558	21.5096	24.2978	9.8876	11.1639	5.8106
17.1762	16.7122	14.6895	15.0739	13.9094	16.8667	13.1126	10.6409	21.4215	14.8064	10.2992	15.5107	12.2282	9.5758	19.5043	19.206	0.0	9.101	16.7332	7.2759	4.2391	14.8071	7.2889	12.4069	11.4294	10.7485	20.0004
17.3191	19.4911	20.4371	20.0255	18.5676	20.7094	19.3302	15.9718	30.0955	21.2157	17.7875	9.3551	11.4202	18.6553	26.6262	26.6402	9.101	0.0	18.1416	16.1683	9.4282	15.5439	5.7584	7.8917	20.2625	19.7217	28.4832
2.4277	2.8294	9.0855	7.2611	6.4804	5.2355	9.8973	8.2561	23.6154	10.8555	25.752	13.7521	6.8722	19.4034	15.5616	16.4414	16.7332	18.1416	0.0	20.8569	12.4996	2.6465	12.6074	11.6806	18.1429	18.8029	21.4465
21.9902	19.8871	15.4569	16.6309	16.0029	19.1505	13.6752	12.9618	16.4627	14.724	5.2517	22.6194	18.1601	4.1549	17.6567	16.9039	7.2759	16.1683	20.8569	0.0	9.9603	19.6069	14.326	19.3763	7.1332	5.9234	15.605
12.9635	12.6013	11.495	11.5154	10.2073	12.9794	10.1594	7.1099	20.9458	12.0085	14.0164	13.0463	8.3135	10.6983	17.2662	17.2287	4.2391	9.4282	12.4996	9.9603	0.0	10.5831	5.011	9.6632	11.4957	11.2632	19.2182
2.4039	4.8539	9.9457	8.3223	7.1585	7.0239	10.3176	7.8458	24.2799	11.6387	24.2852	11.304	4.226	18.6494	16.8245	17.558	14.8071	15.5439	2.6465	19.6069	10.5831	0.0	10.0933	9.065	17.7859	18.283	22.1409
12.1041	13.7733	14.8856	14.3436	12.8711	14.9511	13.9305	10.4689	25.8297	15.8179	17.5472	8.2938	6.2626	15.6216	21.3606	21.5096	7.2889	5.7584	12.6074	14.326	5.011	10.0933	0.0	5.1181	16.5042	16.2649	24.0305
10.2397	13.7524	16.9682	15.9038	14.4409	15.5868	16.4916	13.0266	29.5858	18.2806	22.6548	3.435	4.9845	20.3449	23.9031	24.2978	12.4069	7.8917	11.6806	19.3763	9.6632	9.065	5.1181	0.0	20.8468	20.7833	27.6406
19.9182	16.3341	10.4202	12.0683	12.0312	14.868	8.8309	9.9758	10.0126	9.1243	11.8409	24.2815	17.9439	3.0299	10.7594	9.8876	11.4294	20.2625	18.1429	7.1332	11.4957	17.7859	16.5042	20.8468	0.0	1.2784	8.7618
20.479	17.1274	11.4215	13.0011	12.8535	15.7777	9.771	10.5648	10.8777	10.2152	10.5639	24.2098	18.1534	1.7789	12.0372	11.1639	10.7485	19.7217	18.8029	5.9234	11.2632	18.283	16.2649	20.7833	1.2784	0.0	9.7865
23.7175	18.8743	12.3619	14.1962	15.0579	16.6543	11.8356	14.8777	2.1737	10.5957	19.585	31.0045	23.7513	11.4844	7.0989	5.8106	20.0004	28.4832	21.4465	15.605	19.2182	22.1409	24.0305	27.6406	8.7618	9.7865	0.0

Adjacency Matrix:
0.0	1.0	1.0	1.0	1.0	1.0	1.0	1.0	0.0	1.0	0.0	1.0	1.0	0.0	1.0	1.0	1.0	1.0	1.0	0.0	1.0	1.0	1.0	1.0	1.0	0.0	0.0
1.0	0.0	1.0	1.0	1.0	1.0	1.0	1.0	0.0	1.0	0.0	1.0	1.0	1.0	1.0	1.0	1.0	1.0	1.0	1.0	1.0	1.0	1.0	1.0	1.0	1.0	1.0
1.0	1.0	0.0	1.0	1.0	1.0	1.0	1.0	1.0	1.0	0.0	0.0	1.0	1.0	1.0	1.0	1.0	0.0	1.0	1.0	1.0	1.0	1.0	1.0	1.0	1.0	1.0
1.0	1.0	1.0	0.0	1.0	1.0	1.0	1.0	1.0	1.0	0.0	1.0	1.0	1.0	1.0	1.0	1.0	0.0	1.0	1.0	1.0	1.0	1.0	1.0	1.0	1.0	1.0
1.0	1.0	1.0	1.0	0.0	1.0	1.0	1.0	1.0	1.0	0.0	1.0	1.0	1.0	1.0	1.0	1.0	1.0	1.0	1.0	1.0	1.0	1.0	1.0	1.0	1.0	1.0
1.0	1.0	1.0	1.0	1.0	0.0	1.0	1.0	1.0	1.0	0.0	1.0	1.0	1.0	1.0	1.0	1.0	0.0	1.0	1.0	1.0	1.0	1.0	1.0	1.0	1.0	1.0
1.0	1.0	1.0	1.0	1.0	1.0	0.0	1.0	1.0	1.0	1.0	1.0	1.0	1.0	1.0	1.0	1.0	1.0	1.0	1.0	1.0	1.0	1.0	1.0	1.0	1.0	1.0
1.0	1.0	1.0	1.0	1.0	1.0	1.0	0.0	1.0	1.0	1.0	1.0	1.0	1.0	1.0	1.0	1.0	1.0	1.0	1.0	1.0	1.0	1.0	1.0	1.0	1.0	1.0
0.0	0.0	1.0	1.0	1.0	1.0	1.0	1.0	0.0	1.0	0.0	0.0	0.0	1.0	1.0	1.0	0.0	0.0	0.0	1.0	0.0	0.0	0.0	0.0	1.0	1.0	1.0
1.0	1.0	1.0	1.0	1.0	1.0	1.0	1.0	1.0	0.0	1.0	0.0	1.0	1.0	1.0	1.0	1.0	0.0	1.0	1.0	1.0	1.0	1.0	1.0	1.0	1.0	1.0
0.0	0.0	0.0	0.0	0.0	0.0	1.0	1.0	0.0	1.0	0.0	0.0	0.0	1.0	0.0	0.0	1.0	1.0	0.0	1.0	1.0	0.0	1.0	0.0	1.0	1.0	1.0
1.0	1.0	0.0	1.0	1.0	1.0	1.0	1.0	0.0	0.0	0.0	0.0	1.0	0.0	0.0	0.0	1.0	1.0	1.0	0.0	1.0	1.0	1.0	1.0	0.0	0.0	0.0
1.0	1.0	1.0	1.0	1.0	1.0	1.0	1.0	0.0	1.0	0.0	1.0	0.0	1.0	1.0	1.0	1.0	1.0	1.0	1.0	1.0	1.0	1.0	1.0	1.0	1.0	0.0
0.0	1.0	1.0	1.0	1.0	1.0	1.0	1.0	1.0	1.0	1.0	0.0	1.0	0.0	1.0	1.0	1.0	1.0	1.0	1.0	1.0	1.0	1.0	0.0	1.0	1.0	1.0
1.0	1.0	1.0	1.0	1.0	1.0	1.0	1.0	1.0	1.0	0.0	0.0	1.0	1.0	0.0	1.0	1.0	0.0	1.0	1.0	1.0	1.0	0.0	0.0	1.0	1.0	1.0
1.0	1.0	1.0	1.0	1.0	1.0	1.0	1.0	1.0	1.0	0.0	0.0	1.0	1.0	1.0	0.0	1.0	0.0	1.0	1.0	1.0	1.0	0.0	0.0	1.0	1.0	1.0
1.0	1.0	1.0	1.0	1.0	1.0	1.0	1.0	0.0	1.0	1.0	1.0	1.0	1.0	1.0	1.0	0.0	1.0	1.0	1.0	1.0	1.0	1.0	1.0	1.0	1.0	0.0
1.0	1.0	0.0	0.0	1.0	0.0	1.0	1.0	0.0	0.0	1.0	1.0	1.0	1.0	0.0	0.0	1.0	0.0	1.0	1.0	1.0	1.0	1.0	1.0	0.0	1.0	0.0
1.0	1.0	1.0	1.0	1.0	1.0	1.0	1.0	0.0	1.0	0.0	1.0	1.0	1.0	1.0	1.0	1.0	1.0	0.0	0.0	1.0	1.0	1.0	1.0	1.0	1.0	0.0
0.0	1.0	1.0	1.0	1.0	1.0	1.0	1.0	1.0	1.0	1.0	0.0	1.0	1.0	1.0	1.0	1.0	1.0	0.0	0.0	1.0	1.0	1.0	1.0	1.0	1.0	1.0
1.0	1.0	1.0	1.0	1.0	1.0	1.0	1.0	0.0	1.0	1.0	1.0	1.0	1.0	1.0	1.0	1.0	1.0	1.0	1.0	0.0	1.0	1.0	1.0	1.0	1.0	1.0
1.0	1.0	1.0	1.0	1.0	1.0	1.0	1.0	0.0	1.0	0.0	1.0	1.0	1.0	1.0	1.0	1.0	1.0	1.0	1.0	1.0	0.0	1.0	1.0	1.0	1.0	0.0
1.0	1.0	1.0	1.0	1.0	1.0	1.0	1.0	0.0	1.0	1.0	1.0	1.0	1.0	0.0	0.0	1.0	1.0	1.0	1.0	1.0	1.0	0.0	1.0	1.0	1.0	0.0
1.0	1.0	1.0	1.0	1.0	1.0	1.0	1.0	0.0	1.0	0.0	1.0	1.0	0.0	0.0	0.0	1.0	1.0	1.0	1.0	1.0	1.0	1.0	0.0	0.0	0.0	0.0
1.0	1.0	1.0	1.0	1.0	1.0	1.0	1.0	1.0	1.0	1.0	0.0	1.0	1.0	1.0	1.0	1.0	0.0	1.0	1.0	1.0	1.0	1.0	0.0	0.0	1.0	1.0
0.0	1.0	1.0	1.0	1.0	1.0	1.0	1.0	1.0	1.0	1.0	0.0	1.0	1.0	1.0	1.0	1.0	1.0	1.0	1.0	1.0	1.0	1.0	0.0	1.0	0.0	1.0
0.0	1.0	1.0	1.0	1.0	1.0	1.0	1.0	1.0	1.0	1.0	0.0	0.0	1.0	1.0	1.0	0.0	0.0	0.0	1.0	1.0	0.0	0.0	0.0	1.0	1.0	0.0

Weight Matrix:
0.0	0.8524	0.4739	0.588	0.6476	0.7122	0.4336	0.5648	0.0	0.3695	0.0	0.4423	0.817	0.0	0.155	0.1292	0.1818	0.1767	0.9665	0.0	0.3786	0.9672	0.4288	0.5455	0.101	0.0	0.0
0.8524	0.0	0.778	0.8794	0.8981	0.967	0.7107	0.7576	0.0	0.668	0.0	0.2215	0.6406	0.1557	0.3885	0.3373	0.1991	0.1113	0.9548	0.1017	0.3994	0.8727	0.3341	0.3352	0.214	0.1835	0.1276
0.4739	0.778	0.0	0.9798	0.956	0.8839	0.9818	0.8909	0.2952	0.982	0.0	0.0	0.4139	0.3998	0.7522	0.714	0.2873	0.0	0.6206	0.2514	0.466	0.5646	0.2779	0.1894	0.5339	0.4705	0.4135
0.588	0.8794	0.9798	0.0	0.9873	0.9553	0.9412	0.892	0.2126	0.9263	0.0	0.1286	0.4897	0.3193	0.6585	0.609	0.269	0.0	0.7373	0.2022	0.4647	0.6701	0.3045	0.2318	0.431	0.3765	0.312
0.6476	0.8981	0.956	0.9873	0.0	0.9441	0.9343	0.9391	0.1804	0.89	0.0	0.1733	0.5809	0.3356	0.5765	0.5338	0.3269	0.1364	0.7845	0.2276	0.5476	0.7437	0.3839	0.2996	0.4332	0.3849	0.2697
0.7122	0.967	0.8839	0.9553	0.9441	0.0	0.8099	0.7897	0.1289	0.7945	0.0	0.1476	0.5215	0.1967	0.5347	0.474	0.1932	0.0	0.8535	0.1201	0.3777	0.7519	0.2748	0.2456	0.2787	0.2372	0.2013
0.4336	0.7107	0.9818	0.9412	0.9343	0.8099	0.0	0.9312	0.3239	0.9796	0.1262	0.1062	0.4265	0.5049	0.724	0.7031	0.3702	0.1154	0.5677	0.3393	0.5507	0.5405	0.3258	0.2077	0.6372	0.5759	0.445
0.5648	0.7576	0.8909	0.892	0.9391	0.7897	0.9312	0.0	0.1906	0.8461	0.1512	0.216	0.6343	0.487	0.4977	0.4787	0.5198	0.2289	0.6744	0.3787	0.7467	0.7006	0.5308	0.375	0.5626	0.5246	0.2783
0.0	0.0	0.2952	0.2126	0.1804	0.1289	0.3239	0.1906	0.0	0.3901	0.0	0.0	0.0	0.4077	0.6181	0.6994	0.0	0.0	0.0	0.2088	0.0	0.0	0.0	0.0	0.5602	0.5047	0.9731
0.3695	0.668	0.982	0.9263	0.89	0.7945	0.9796	0.8461	0.3901	0.0	0.1001	0.0	0.3318	0.4632	0.8326	0.8082	0.2817	0.0	0.5061	0.2857	0.4346	0.4571	0.2355	0.145	0.6181	0.5471	0.5227
0.0	0.0	0.0	0.0	0.0	0.0	0.1262	0.1512	0.0	0.1001	0.0	0.0	0.0	0.6368	0.0	0.0	0.5417	0.1606	0.0	0.8527	0.3213	0.0	0.1687	0.0	0.4447	0.5247	0.109
0.4423	0.2215	0.0	0.1286	0.1733	0.1476	0.1062	0.216	0.0	0.0	0.0	0.0	0.7083	0.0	0.0	0.0	0.249	0.603	0.3352	0.0	0.3739	0.4778	0.672	0.9341	0.0	0.0	0.0
0.817	0.6406	0.4139	0.4897	0.5809	0.5215	0.4265	0.6343	0.0	0.3318	0.0	0.7083	0.0	0.1502	0.1144	0.1018	0.4214	0.4706	0.7611	0.1487	0.6707	0.9019	0.7972	0.8662	0.1555	0.1489	0.0
0.0	0.1557	0.3998	0.3193	0.3356	0.1967	0.5049	0.487	0.4077	0.4632	0.6368	0.0	0.1502	0.0	0.3355	0.3819	0.5886	0.1338	0.1135	0.905	0.5161	0.134	0.2441	0.0	0.9483	0.9819	0.4666
0.155	0.3885	0.7522	0.6585	0.5765	0.5347	0.724	0.4977	0.6181	0.8326	0.0	0.0	0.1144	0.3355	0.0	0.9902	0.111	0.0	0.2467	0.165	0.1785	0.1948	0.0	0.0	0.5122	0.4328	0.7473
0.1292	0.3373	0.714	0.609	0.5338	0.474	0.7031	0.4787	0.6994	0.8082	0.0	0.0	0.1018	0.3819	0.9902	0.0	0.1186	0.0	0.2097	0.1918	0.1799	0.1684	0.0	0.0	0.5684	0.4866	0.8227
0.1818	0.1991	0.2873	0.269	0.3269	0.1932	0.3702	0.5198	0.0	0.2817	0.5417	0.249	0.4214	0.5886	0.111	0.1186	0.0	0.6196	0.1983	0.7364	0.9014	0.2816	0.7356	0.4108	0.47	0.5129	0.0
0.1767	0.1113	0.0	0.0	0.1364	0.0	0.1154	0.2289	0.0	0.0	0.1606	0.603	0.4706	0.1338	0.0	0.0	0.6196	0.0	0.1493	0.2207	0.5983	0.2475	0.8256	0.6977	0.0	0.1056	0.0
0.9665	0.9548	0.6206	0.7373	0.7845	0.8535	0.5677	0.6744	0.0	0.5061	0.0	0.3352	0.7611	0.1135	0.2467	0.2097	0.1983	0.1493	0.0	0.0	0.4054	0.9603	0.3991	0.4545	0.1492	0.1296	0.0
0.0	0.1017	0.2514	0.2022	0.2276	0.1201	0.3393	0.3787	0.2088	0.2857	0.8527	0.0	0.1487	0.905	0.165	0.1918	0.7364	0.2207	0.0	0.0	0.5636	0.1084	0.3054	0.1142	0.7452	0.8165	0.2448
0.3786	0.3994	0.466	0.4647	0.5476	0.3777	0.5507	0.7467	0.0	0.4346	0.3213	0.3739	0.6707	0.5161	0.1785	0.1799	0.9014	0.5983	0.4054	0.5636	0.0	0.5235	0.8649	0.5829	0.4659	0.4804	0.1183
0.9672	0.8727	0.5646	0.6701	0.7437	0.7519	0.5405	0.7006	0.0	0.4571	0.0	0.4778	0.9019	0.134	0.1948	0.1684	0.2816	0.2475	0.9603	0.1084	0.5235	0.0	0.555	0.6219	0.1607	0.1449	0.0
0.4288	0.3341	0.2779	0.3045	0.3839	0.2748	0.3258	0.5308	0.0	0.2355	0.1687	0.672	0.7972	0.2441	0.0	0.0	0.7356	0.8256	0.3991	0.3054	0.8649	0.555	0.0	0.8595	0.2072	0.2168	0.0
0.5455	0.3352	0.1894	0.2318	0.2996	0.2456	0.2077	0.375	0.0	0.145	0.0	0.9341	0.8662	0.0	0.0	0.0	0.4108	0.6977	0.4545	0.1142	0.5829	0.6219	0.8595	0.0	0.0	0.0	0.0
0.101	0.214	0.5339	0.431	0.4332	0.2787	0.6372	0.5626	0.5602	0.6181	0.4447	0.0	0.1555	0.9483	0.5122	0.5684	0.47	0.0	0.1492	0.7452	0.4659	0.1607	0.2072	0.0	0.0	0.9906	0.6417
0.0	0.1835	0.4705	0.3765	0.3849	0.2372	0.5759	0.5246	0.5047	0.5471	0.5247	0.0	0.1489	0.9819	0.4328	0.4866	0.5129	0.1056	0.1296	0.8165	0.4804	0.1449	0.2168	0.0	0.9906	0.0	0.5749
0.0	0.1276	0.4135	0.312	0.2697	0.2013	0.445	0.2783	0.9731	0.5227	0.109	0.0	0.0	0.4666	0.7473	0.8227	0.0	0.0	0.0	0.2448	0.1183	0.0	0.0	0.0	0.6417	0.5749	0.0

Laplacian Matrix (Normalized):
1.0	-0.078	-0.041	-0.051	-0.055	-0.064	-0.036	-0.047	0.0	-0.032	0.0	-0.058	-0.077	0.0	-0.016	-0.013	-0.019	-0.024	-0.092	0.0	-0.035	-0.09	-0.043	-0.061	-0.01	0.0	0.0
-0.078	1.0	-0.061	-0.069	-0.069	-0.079	-0.054	-0.057	0.0	-0.052	0.0	-0.026	-0.055	-0.014	-0.036	-0.031	-0.019	-0.014	-0.082	-0.01	-0.033	-0.073	-0.03	-0.034	-0.019	-0.016	-0.014
-0.041	-0.061	1.0	-0.072	-0.069	-0.068	-0.07	-0.063	-0.034	-0.073	0.0	0.0	-0.033	-0.035	-0.065	-0.062	-0.025	0.0	-0.05	-0.024	-0.036	-0.045	-0.024	-0.018	-0.044	-0.04	-0.042
-0.051	-0.069	-0.072	1.0	-0.071	-0.074	-0.068	-0.063	-0.024	-0.069	0.0	-0.015	-0.04	-0.028	-0.057	-0.053	-0.024	0.0	-0.06	-0.019	-0.036	-0.053	-0.026	-0.022	-0.036	-0.032	-0.031
-0.055	-0.069	-0.069	-0.071	1.0	-0.071	-0.066	-0.065	-0.02	-0.065	0.0	-0.019	-0.046	-0.029	-0.049	-0.046	-0.028	-0.015	-0.062	-0.021	-0.042	-0.058	-0.032	-0.028	-0.035	-0.032	-0.027
-0.064	-0.079	-0.068	-0.074	-0.071	1.0	-0.061	-0.058	-0.015	-0.062	0.0	-0.017	-0.044	-0.018	-0.049	-0.043	-0.018	0.0	-0.073	-0.012	-0.031	-0.062	-0.025	-0.024	-0.024	-0.021	-0.021
-0.036	-0.054	-0.07	-0.068	-0.066	-0.061	1.0	-0.064	-0.036	-0.071	-0.016	-0.012	-0.034	-0.043	-0.061	-0.06	-0.032	-0.013	-0.045	-0.031	-0.042	-0.042	-0.027	-0.019	-0.051	-0.047	-0.044
-0.047	-0.057	-0.063	-0.063	-0.065	-0.058	-0.064	1.0	-0.021	-0.06	-0.019	-0.023	-0.049	-0.04	-0.041	-0.04	-0.044	-0.025	-0.052	-0.034	-0.056	-0.053	-0.044	-0.034	-0.044	-0.042	-0.027
0.0	0.0	-0.034	-0.024	-0.02	-0.015	-0.036	-0.021	1.0	-0.045	0.0	0.0	0.0	-0.055	-0.083	-0.094	0.0	0.0	0.0	-0.03	0.0	0.0	0.0	0.0	-0.071	-0.066	-0.151
-0.032	-0.052	-0.073	-0.069	-0.065	-0.062	-0.071	-0.06	-0.045	1.0	-0.013	0.0	-0.027	-0.04	-0.073	-0.071	-0.025	0.0	-0.041	-0.027	-0.034	-0.036	-0.02	-0.014	-0.051	-0.046	-0.053
0.0	0.0	0.0	0.0	0.0	0.0	-0.016	-0.019	0.0	-0.013	1.0	0.0	0.0	-0.1	0.0	0.0	-0.086	-0.033	0.0	-0.146	-0.045	0.0	-0.026	0.0	-0.066	-0.08	-0.02
-0.058	-0.026	0.0	-0.015	-0.019	-0.017	-0.012	-0.023	0.0	0.0	0.0	1.0	-0.088	0.0	0.0	0.0	-0.034	-0.106	-0.042	0.0	-0.045	-0.058	-0.089	-0.136	0.0	0.0	0.0
-0.077	-0.055	-0.033	-0.04	-0.046	-0.044	-0.034	-0.049	0.0	-0.027	0.0	-0.088	1.0	-0.014	-0.011	-0.01	-0.041	-0.059	-0.068	-0.015	-0.057	-0.078	-0.075	-0.091	-0.014	-0.014	0.0
0.0	-0.014	-0.035	-0.028	-0.029	-0.018	-0.043	-0.04	-0.055	-0.04	-0.1	0.0	-0.014	1.0	-0.034	-0.039	-0.061	-0.018	-0.011	-0.101	-0.047	-0.012	-0.025	0.0	-0.092	-0.097	-0.055
-0.016	-0.036	-0.065	-0.057	-0.049	-0.049	-0.061	-0.041	-0.083	-0.073	0.0	0.0	-0.011	-0.034	1.0	-0.102	-0.012	0.0	-0.024	-0.018	-0.016	-0.018	0.0	0.0	-0.05	-0.043	-0.089
-0.013	-0.031	-0.062	-0.053	-0.046	-0.043	-0.06	-0.04	-0.094	-0.071	0.0	0.0	-0.01	-0.039	-0.102	1.0	-0.012	0.0	-0.02	-0.021	-0.017	-0.016	0.0	0.0	-0.055	-0.049	-0.098
-0.019	-0.019	-0.025	-0.024	-0.028	-0.018	-0.032	-0.044	0.0	-0.025	-0.086	-0.034	-0.041	-0.061	-0.012	-0.012	1.0	-0.085	-0.019	-0.083	-0.084	-0.027	-0.076	-0.047	-0.046	-0.052	0.0
-0.024	-0.014	0.0	0.0	-0.015	0.0	-0.013	-0.025	0.0	0.0	-0.033	-0.106	-0.059	-0.018	0.0	0.0	-0.085	1.0	-0.019	-0.032	-0.073	-0.031	-0.111	-0.103	0.0	-0.014	0.0
-0.092	-0.082	-0.05	-0.06	-0.062	-0.073	-0.045	-0.052	0.0	-0.041	0.0	-0.042	-0.068	-0.011	-0.024	-0.02	-0.019	-0.019	1.0	0.0	-0.035	-0.084	-0.038	-0.048	-0.014	-0.012	0.0
0.0	-0.01	-0.024	-0.019	-0.021	-0.012	-0.031	-0.034	-0.03	-0.027	-0.146	0.0	-0.015	-0.101	-0.018	-0.021	-0.083	-0.032	0.0	1.0	-0.056	-0.011	-0.034	-0.014	-0.079	-0.088	-0.032
-0.035	-0.033	-0.036	-0.036	-0.042	-0.031	-0.042	-0.056	0.0	-0.034	-0.045	-0.045	-0.057	-0.047	-0.016	-0.017	-0.084	-0.073	-0.035	-0.056	1.0	-0.044	-0.079	-0.059	-0.041	-0.043	-0.013
-0.09	-0.073	-0.045	-0.053	-0.058	-0.062	-0.042	-0.053	0.0	-0.036	0.0	-0.058	-0.078	-0.012	-0.018	-0.016	-0.027	-0.031	-0.084	-0.011	-0.044	1.0	-0.051	-0.064	-0.014	-0.013	0.0
-0.043	-0.03	-0.024	-0.026	-0.032	-0.025	-0.027	-0.044	0.0	-0.02	-0.026	-0.089	-0.075	-0.025	0.0	0.0	-0.076	-0.111	-0.038	-0.034	-0.079	-0.051	1.0	-0.096	-0.02	-0.021	0.0
-0.061	-0.034	-0.018	-0.022	-0.028	-0.024	-0.019	-0.034	0.0	-0.014	0.0	-0.136	-0.091	0.0	0.0	0.0	-0.047	-0.103	-0.048	-0.014	-0.059	-0.064	-0.096	1.0	0.0	0.0	0.0
-0.01	-0.019	-0.044	-0.036	-0.035	-0.024	-0.051	-0.044	-0.071	-0.051	-0.066	0.0	-0.014	-0.092	-0.05	-0.055	-0.046	0.0	-0.014	-0.079	-0.041	-0.014	-0.02	0.0	1.0	-0.094	-0.072
0.0	-0.016	-0.04	-0.032	-0.032	-0.021	-0.047	-0.042	-0.066	-0.046	-0.08	0.0	-0.014	-0.097	-0.043	-0.049	-0.052	-0.014	-0.012	-0.088	-0.043	-0.013	-0.021	0.0	-0.094	1.0	-0.066
0.0	-0.014	-0.042	-0.031	-0.027	-0.021	-0.044	-0.027	-0.151	-0.053	-0.02	0.0	0.0	-0.055	-0.089	-0.098	0.0	0.0	0.0	-0.032	-0.013	0.0	0.0	0.0	-0.072	-0.066	1.0

Eigenvalues or "Graph Adjacency Spectrum":

 [0.         0.51289499 0.63497394 0.84624137 0.97677994 1.04312478
 1.05723978 1.06669619 1.06855973 1.0698769  1.07219918 1.07395564
 1.07584904 1.07987151 1.08358989 1.0850674  1.08681428 1.09015048
 1.09107818 1.09864429 1.10191934 1.10365899 1.10575453 1.12741096
 1.13745932 1.14623628 1.16395308]

Eigenvectors:
0.189	-0.211	0.149	-0.081	0.368	-0.114	0.156	-0.178	-0.025	-0.089	-0.04	-0.045	-0.065	-0.014	-0.202	-0.085	0.49	0.135	0.02	0.307	0.225	-0.452	-0.009	0.028	-0.094	-0.002	0.064
0.208	-0.101	0.197	-0.182	0.123	-0.234	0.06	0.193	-0.109	-0.049	0.11	0.154	0.265	-0.502	0.584	-0.097	0.011	0.107	-0.088	-0.03	-0.059	0.037	0.054	-0.079	-0.009	0.056	-0.056
0.22	0.072	0.173	-0.087	-0.221	0.068	-0.061	-0.104	0.461	0.108	0.073	0.683	-0.24	-0.11	-0.107	-0.094	0.1	-0.069	0.115	0.023	-0.027	0.01	0.044	0.104	0.092	0.029	-0.047
0.22	0.017	0.189	-0.121	-0.139	-0.014	-0.205	0.169	0.117	0.393	0.475	-0.532	-0.241	-0.187	-0.128	-0.076	0.037	-0.065	-0.028	0.02	-0.005	-0.005	0.02	0.096	-0.017	-0.031	-0.03
0.225	-0.018	0.16	-0.121	-0.134	0.098	-0.01	0.626	0.032	-0.184	-0.589	-0.128	-0.269	0.045	-0.019	-0.011	0.09	-0.007	0.028	0.003	-0.003	0.02	-0.019	-0.025	0.05	-0.025	-0.044
0.211	-0.035	0.217	-0.165	0.006	-0.242	-0.067	0.265	-0.077	0.139	0.206	0.184	0.337	0.712	-0.021	0.049	-0.074	0.074	-0.051	0.022	-0.031	-0.037	0.036	0.058	-0.031	-0.015	0.005
0.226	0.076	0.105	-0.064	-0.219	0.162	-0.353	-0.171	-0.272	-0.716	0.276	-0.024	-0.039	0.055	-0.031	-0.104	0.063	-0.1	-0.06	-0.004	-0.006	0.03	0.014	-0.03	-0.003	0.012	-0.008
0.23	-0.014	0.052	-0.112	-0.177	0.433	0.252	-0.118	-0.676	0.369	-0.045	0.167	-0.073	-0.036	-0.031	0.043	0.008	0.018	0.032	-0.002	0.006	0.002	-0.013	0.011	0.015	0.004	-0.011
0.143	0.292	0.042	0.418	0.209	0.034	0.187	0.128	-0.03	-0.006	0.059	0.016	0.045	0.02	-0.139	-0.182	0.074	-0.173	-0.114	0.0	-0.035	0.094	0.153	-0.049	-0.215	0.405	-0.517
0.219	0.12	0.143	-0.035	-0.216	-0.024	-0.25	-0.36	0.109	0.172	-0.462	-0.215	0.552	-0.087	-0.095	-0.148	0.043	-0.111	-0.003	0.022	-0.038	0.001	0.087	0.068	0.008	0.062	0.01
0.122	0.129	-0.399	-0.261	0.159	-0.287	-0.125	-0.075	-0.149	0.045	-0.056	0.018	-0.068	0.017	-0.027	-0.078	0.112	-0.09	0.087	-0.018	0.04	0.1	-0.138	0.111	0.358	-0.312	-0.525
0.144	-0.31	-0.109	0.33	0.124	0.023	-0.34	0.041	-0.085	0.074	0.003	0.001	-0.035	0.018	0.05	0.108	-0.002	0.148	0.246	0.023	-0.069	-0.047	0.092	0.033	0.534	0.46	0.067
0.201	-0.251	-0.002	0.079	0.172	0.212	-0.031	-0.213	0.176	0.066	-0.083	-0.066	-0.166	0.223	0.415	0.231	0.108	-0.351	-0.494	-0.034	0.002	0.096	-0.015	0.149	0.008	-0.07	-0.041
0.187	0.212	-0.248	-0.114	0.163	0.12	-0.098	0.069	0.051	0.014	0.002	0.028	0.006	-0.028	0.038	0.097	-0.161	-0.15	0.063	-0.502	0.041	-0.603	0.288	-0.091	-0.083	-0.024	0.078
0.187	0.21	0.165	0.206	-0.141	-0.327	0.004	-0.19	-0.053	0.018	-0.084	-0.04	-0.222	0.037	0.144	0.273	-0.152	0.189	0.071	-0.084	0.649	0.128	0.105	-0.099	-0.04	-0.014	-0.01
0.186	0.231	0.145	0.248	-0.093	-0.251	0.072	-0.161	-0.037	-0.011	-0.06	-0.047	-0.174	0.016	0.091	0.183	-0.106	0.111	-0.009	0.015	-0.533	-0.318	-0.483	-0.053	-0.009	-0.042	-0.023
0.185	-0.053	-0.314	-0.101	-0.254	-0.25	0.242	-0.062	0.028	-0.046	0.0	-0.033	-0.089	-0.027	-0.189	0.105	-0.0	0.152	-0.4	0.172	-0.25	0.049	0.481	-0.261	0.131	0.055	0.088
0.142	-0.241	-0.27	0.265	-0.212	-0.186	0.014	0.136	-0.109	-0.083	-0.012	0.082	0.053	-0.155	-0.085	0.025	-0.115	-0.008	-0.015	0.02	0.03	-0.083	0.043	0.704	-0.303	-0.096	0.026
0.2	-0.166	0.174	-0.149	0.278	-0.102	0.165	-0.031	0.008	-0.137	0.026	-0.006	0.116	-0.191	-0.407	0.501	-0.114	-0.293	0.187	-0.189	-0.1	0.298	-0.068	-0.018	-0.01	0.03	0.063
0.172	0.154	-0.356	-0.205	0.112	-0.201	-0.128	-0.025	-0.074	0.103	-0.065	0.043	-0.181	0.079	0.076	-0.193	0.132	-0.121	0.059	-0.019	-0.01	0.257	-0.244	-0.046	-0.326	0.395	0.422
0.208	-0.102	-0.19	-0.04	-0.27	0.105	0.496	-0.078	0.244	-0.139	0.137	-0.244	0.115	0.19	0.287	-0.046	0.094	-0.082	0.504	0.0	0.008	0.005	-0.02	-0.006	0.036	0.072	-0.073
0.205	-0.2	0.112	-0.083	0.284	0.047	0.132	-0.207	0.071	-0.07	-0.091	-0.08	-0.189	0.083	-0.074	-0.506	-0.595	0.216	-0.017	-0.091	-0.045	0.089	0.029	0.076	0.024	-0.036	-0.003
0.189	-0.237	-0.196	0.151	-0.181	0.057	0.069	0.139	0.109	0.013	0.09	0.069	0.229	-0.092	-0.217	-0.134	-0.045	0.0	-0.319	-0.185	0.328	-0.085	-0.52	-0.313	0.122	0.009	-0.001
0.17	-0.314	-0.105	0.282	0.039	0.027	-0.281	-0.008	-0.012	0.116	-0.025	0.072	-0.022	0.021	0.018	-0.038	0.081	0.047	0.27	0.034	-0.158	0.137	0.13	-0.441	-0.401	-0.413	-0.095
0.197	0.237	-0.136	-0.019	0.171	0.328	-0.032	0.009	0.185	-0.045	0.051	-0.053	0.137	-0.011	-0.034	0.193	0.221	0.673	-0.081	-0.186	-0.068	0.235	-0.061	0.183	-0.068	-0.068	0.0
0.193	0.229	-0.191	-0.046	0.153	0.241	-0.09	0.117	0.104	-0.019	0.038	0.029	0.12	-0.087	0.048	0.194	-0.393	-0.079	0.04	0.705	0.126	-0.075	-0.075	-0.057	-0.024	-0.043	0.028
0.161	0.299	0.043	0.381	0.167	-0.029	0.175	0.122	-0.062	-0.005	0.069	0.015	0.074	-0.01	-0.005	-0.241	0.143	-0.201	0.013	-0.014	-0.014	0.143	0.101	0.053	0.335	-0.397	0.475

Obtaining pollution data matrix, please wait...

Amount of data missing per station:

6.0, 4.0, 10.0, 26.0, 7.0, 6.0, 39.0, 21.0, 7.0, 9.0, 58.0, 3.0, 7.0, 23.0, 10.0, 9.0, 12.0, 22.0, 5.0, 94.0, 23.0, 2.0, 5.0, 5.0, 4.0, 8.0, 12.0

Finding columns to be dropped...

These are the stations that do not fullfill the 0.85 constraint:
[]

Index of those columns:
[]

Size Data Set pre-Drop NA: 744.
Size Data Set post-Drop NA: 455.

MEAN: 49.71208791208791.
Reconstructing data on station: Barcelona (Poblenou). For the second round, the faulty station will be: Barcelona (Eixample).

@@@@@@@@@@@@@@@@@@@@
@@@ Data Set: #0 @@@
@@@@@@@@@@@@@@@@@@@@

Splitting data set...

@@@@@@@@@@ LC @@@@@@@@@@
Linear Combination Reconstruction...

Linear combination RMSE: 9.849567736037132.
                    MBE: -3.441965449135678.


@@@@@@@@@@ MLR @@@@@@@@@@
Linear Regression - ML...
Summary of Training:

Coefficient of Determination: 0.9090357084023906.
Intercept: 1.8231993526382837.
Slope: [ 0.00716739 -0.06805225  0.07952998 -0.0671807   0.29006862 -0.08495742
  0.06442292  0.25987276 -0.06349221 -0.02715768  0.15535163  0.2071155
 -0.02701042  0.01685559  0.12192761  0.31294055  0.05459243 -0.02023081
  0.14257452 -0.01446001 -0.04893977  0.20717337 -0.2704146  -0.12384142].

Linear Regression RMSE: 6.725137818350053.
                   MBE: 1.141300633353597.


@@@@@@@@@@ Stankovic @@@@@@@@@@
Stankovic Method...

Stankovic RMSE: 7.981999473234269.
           MBE: 4.275188737666793.

@@@@@@@@@@@@@@@@@@@@
@@@ Data Set: #1 @@@
@@@@@@@@@@@@@@@@@@@@

Splitting data set...

@@@@@@@@@@ LC @@@@@@@@@@
Linear Combination Reconstruction...

Linear combination RMSE: 9.839769926207623.
                    MBE: -3.4201267416821453.


@@@@@@@@@@ MLR @@@@@@@@@@
Linear Regression - ML...
Summary of Training:

Coefficient of Determination: 0.9090692605500866.
Intercept: 1.864277308055108.
Slope: [ 0.00365755 -0.06083029  0.07115826 -0.06530954  0.29092023 -0.08804395
  0.0676213   0.25959002 -0.06189678 -0.02576041  0.15585964  0.20895739
 -0.02679658  0.01796081  0.12272321  0.3125534   0.05560952 -0.01940169
  0.14702209 -0.01740436 -0.04778933  0.20363996 -0.27141029 -0.12484887].

Linear Regression RMSE: 6.771919375638526.
                   MBE: 1.1714797244122002.


@@@@@@@@@@ Stankovic @@@@@@@@@@
Stankovic Method...

Stankovic RMSE: 8.056699274422515.
           MBE: 4.321005396457037.

