Welcome. This program analyzes the data of different contaminants in the air of Catalonia.
Right now is configured to analyze the following contaminant: o3.

Importing data...

Obtaining info about stations...

Filling gaps of information...

Summary of the stations: 
    CODI EOI                        NOM ESTACIÓ                MUNICIPI    LATITUD   LONGITUD  ALTITUD TIPUS ESTACIÓ
0    8015021                           Badalona                Badalona  41.443985  2.2378986        7    background
1    8019043               Barcelona (Eixample)               Barcelona  41.385315  2.1537998       26       traffic
2    8019044  Barcelona (Gràcia - Sant Gervasi)               Barcelona  41.398724  2.1533988       57       traffic
3    8019050             Barcelona (Ciutadella)               Barcelona  41.386406  2.1873982        7    background
4    8019054       Barcelona (Parc Vall Hebron)               Barcelona   41.42611  2.1480017      136    background
5    8019057            Barcelona (Palau Reial)               Barcelona   41.38749  2.1151996       81    background
6    8019058      Barcelona (Observatori Fabra)               Barcelona   41.41843  2.1238973      415    background
7    8089005                               Gavà                    Gavà  41.303097  1.9914981       25    background
8    8125002                  Montcada i Reixac       Montcada i Reixac   41.48197  2.1882975       34       traffic
9    8169009     El Prat de Llobregat (Sagnier)   Prat de Llobregat, el  41.321774     2.0821        7    background
10   8184006                               Rubí                    Rubí  41.492115  2.0424972      171    background
11   8187012                           Sabadell                Sabadell  41.561214  2.1011107      210       traffic
12   8194008                Sant Adrià de Besòs     Sant Adrià de Besòs  41.425594  2.2221997        7    industrial
13   8205002              Sant Cugat del Vallès   Sant Cugat del Vallès  41.476814  2.0889983      113    background
14   8263001     Sant Vicenç dels Horts (Ribot)  Sant Vicenç dels Horts   41.39219  2.0097985       38    background
15   8301004                Viladecans - Atrium              Viladecans   41.31335  2.0136087       14    background 

Obtaining matrix of distances...

The constant Tau is: 11.7423.

Obtaining matrix of weights and adjacencies...

Summary of the matrices:
Distances Matrix:
0.0	9.5862	8.6699	7.6629	7.7714	12.0249	9.9424	25.8795	5.9135	18.8164	17.1762	17.3191	2.4277	12.9635	19.9182	23.7175
9.5862	0.0	1.4896	2.8129	4.5566	3.2376	4.4473	16.3677	11.1152	9.2629	15.0739	20.0255	7.2611	11.5154	12.0683	14.1962
8.6699	1.4896	0.0	3.1555	3.0748	3.4297	3.2977	17.2154	9.6946	10.4225	13.9094	18.5676	6.4804	10.2073	12.0312	15.0579
7.6629	2.8129	3.1555	0.0	5.5042	6.04	6.3911	18.8264	10.6138	11.3653	16.8667	20.7094	5.2355	12.9794	14.868	16.6543
7.7714	4.5566	3.0748	5.5042	0.0	5.0912	2.1881	18.924	7.0587	12.8324	11.4647	15.5076	6.2026	7.4846	12.1541	16.8301
12.0249	3.2376	3.4297	6.04	5.0912	0.0	3.5124	13.9655	12.1422	7.8064	13.1126	19.3302	9.8973	10.1594	8.8309	11.8356
9.9424	4.4473	3.2977	6.3911	2.1881	3.5124	0.0	16.9352	8.8746	11.2899	10.6409	15.9718	8.2561	7.1099	9.9758	14.8777
25.8795	16.3677	17.2154	18.8264	18.924	13.9655	16.9352	0.0	25.7984	7.8651	21.4215	30.0955	23.6154	20.9458	10.0126	2.1737
5.9135	11.1152	9.6946	10.6138	7.0587	12.1422	8.8746	25.7984	0.0	19.8848	12.2282	11.4202	6.8722	8.3135	17.9439	23.7513
18.8164	9.2629	10.4225	11.3653	12.8324	7.8064	11.2899	7.8651	19.8848	0.0	19.206	26.6402	16.4414	17.2287	9.8876	5.8106
17.1762	15.0739	13.9094	16.8667	11.4647	13.1126	10.6409	21.4215	12.2282	19.206	0.0	9.101	16.7332	4.2391	11.4294	20.0004
17.3191	20.0255	18.5676	20.7094	15.5076	19.3302	15.9718	30.0955	11.4202	26.6402	9.101	0.0	18.1416	9.4282	20.2625	28.4832
2.4277	7.2611	6.4804	5.2355	6.2026	9.8973	8.2561	23.6154	6.8722	16.4414	16.7332	18.1416	0.0	12.4996	18.1429	21.4465
12.9635	11.5154	10.2073	12.9794	7.4846	10.1594	7.1099	20.9458	8.3135	17.2287	4.2391	9.4282	12.4996	0.0	11.4957	19.2182
19.9182	12.0683	12.0312	14.868	12.1541	8.8309	9.9758	10.0126	17.9439	9.8876	11.4294	20.2625	18.1429	11.4957	0.0	8.7618
23.7175	14.1962	15.0579	16.6543	16.8301	11.8356	14.8777	2.1737	23.7513	5.8106	20.0004	28.4832	21.4465	19.2182	8.7618	0.0

Adjacency Matrix:
0.0	1.0	1.0	1.0	1.0	0.0	1.0	0.0	1.0	0.0	0.0	0.0	1.0	0.0	0.0	0.0
1.0	0.0	1.0	1.0	1.0	1.0	1.0	0.0	0.0	1.0	0.0	0.0	1.0	0.0	0.0	0.0
1.0	1.0	0.0	1.0	1.0	1.0	1.0	0.0	1.0	0.0	0.0	0.0	1.0	0.0	0.0	0.0
1.0	1.0	1.0	0.0	1.0	1.0	1.0	0.0	0.0	0.0	0.0	0.0	1.0	0.0	0.0	0.0
1.0	1.0	1.0	1.0	0.0	1.0	1.0	0.0	1.0	0.0	0.0	0.0	1.0	1.0	0.0	0.0
0.0	1.0	1.0	1.0	1.0	0.0	1.0	0.0	0.0	1.0	0.0	0.0	1.0	0.0	1.0	0.0
1.0	1.0	1.0	1.0	1.0	1.0	0.0	0.0	1.0	0.0	0.0	0.0	1.0	1.0	1.0	0.0
0.0	0.0	0.0	0.0	0.0	0.0	0.0	0.0	0.0	1.0	0.0	0.0	0.0	0.0	0.0	1.0
1.0	0.0	1.0	0.0	1.0	0.0	1.0	0.0	0.0	0.0	0.0	0.0	1.0	1.0	0.0	0.0
0.0	1.0	0.0	0.0	0.0	1.0	0.0	1.0	0.0	0.0	0.0	0.0	0.0	0.0	1.0	1.0
0.0	0.0	0.0	0.0	0.0	0.0	0.0	0.0	0.0	0.0	0.0	1.0	0.0	1.0	0.0	0.0
0.0	0.0	0.0	0.0	0.0	0.0	0.0	0.0	0.0	0.0	1.0	0.0	0.0	1.0	0.0	0.0
1.0	1.0	1.0	1.0	1.0	1.0	1.0	0.0	1.0	0.0	0.0	0.0	0.0	0.0	0.0	0.0
0.0	0.0	0.0	0.0	1.0	0.0	1.0	0.0	1.0	0.0	1.0	1.0	0.0	0.0	0.0	0.0
0.0	0.0	0.0	0.0	0.0	1.0	1.0	0.0	0.0	1.0	0.0	0.0	0.0	0.0	0.0	1.0
0.0	0.0	0.0	0.0	0.0	0.0	0.0	1.0	0.0	1.0	0.0	0.0	0.0	0.0	1.0	0.0

Weight Matrix:
0.0	0.5135	0.5798	0.6532	0.6453	0.0	0.4882	0.0	0.776	0.0	0.0	0.0	0.9582	0.0	0.0	0.0
0.5135	0.0	0.984	0.9442	0.8602	0.9268	0.8664	0.0	0.0	0.5367	0.0	0.0	0.6822	0.0	0.0	0.0
0.5798	0.984	0.0	0.9303	0.9337	0.9182	0.9242	0.0	0.5058	0.0	0.0	0.0	0.7374	0.0	0.0	0.0
0.6532	0.9442	0.9303	0.0	0.8027	0.7675	0.7436	0.0	0.0	0.0	0.0	0.0	0.8197	0.0	0.0	0.0
0.6453	0.8602	0.9337	0.8027	0.0	0.8286	0.9659	0.0	0.6967	0.0	0.0	0.0	0.7565	0.6661	0.0	0.0
0.0	0.9268	0.9182	0.7675	0.8286	0.0	0.9144	0.0	0.0	0.6428	0.0	0.0	0.4914	0.0	0.568	0.0
0.4882	0.8664	0.9242	0.7436	0.9659	0.9144	0.0	0.0	0.5648	0.0	0.0	0.0	0.61	0.6931	0.4859	0.0
0.0	0.0	0.0	0.0	0.0	0.0	0.0	0.0	0.0	0.6385	0.0	0.0	0.0	0.0	0.0	0.9663
0.776	0.0	0.5058	0.0	0.6967	0.0	0.5648	0.0	0.0	0.0	0.0	0.0	0.71	0.6058	0.0	0.0
0.0	0.5367	0.0	0.0	0.0	0.6428	0.0	0.6385	0.0	0.0	0.0	0.0	0.0	0.0	0.4921	0.7828
0.0	0.0	0.0	0.0	0.0	0.0	0.0	0.0	0.0	0.0	0.0	0.5484	0.0	0.8778	0.0	0.0
0.0	0.0	0.0	0.0	0.0	0.0	0.0	0.0	0.0	0.0	0.5484	0.0	0.0	0.5248	0.0	0.0
0.9582	0.6822	0.7374	0.8197	0.7565	0.4914	0.61	0.0	0.71	0.0	0.0	0.0	0.0	0.0	0.0	0.0
0.0	0.0	0.0	0.0	0.6661	0.0	0.6931	0.0	0.6058	0.0	0.8778	0.5248	0.0	0.0	0.0	0.0
0.0	0.0	0.0	0.0	0.0	0.568	0.4859	0.0	0.0	0.4921	0.0	0.0	0.0	0.0	0.0	0.5731
0.0	0.0	0.0	0.0	0.0	0.0	0.0	0.9663	0.0	0.7828	0.0	0.0	0.0	0.0	0.5731	0.0

Laplacian Matrix (Normalized):
1.0	-0.095	-0.106	-0.128	-0.112	0.0	-0.084	0.0	-0.184	0.0	0.0	0.0	-0.186	0.0	0.0	0.0
-0.095	1.0	-0.153	-0.158	-0.128	-0.15	-0.128	0.0	0.0	-0.121	0.0	0.0	-0.113	0.0	0.0	0.0
-0.106	-0.153	1.0	-0.153	-0.137	-0.146	-0.134	0.0	-0.101	0.0	0.0	0.0	-0.12	0.0	0.0	0.0
-0.128	-0.158	-0.153	1.0	-0.126	-0.131	-0.116	0.0	0.0	0.0	0.0	0.0	-0.143	0.0	0.0	0.0
-0.112	-0.128	-0.137	-0.126	1.0	-0.126	-0.134	0.0	-0.133	0.0	0.0	0.0	-0.118	-0.136	0.0	0.0
0.0	-0.15	-0.146	-0.131	-0.126	1.0	-0.138	0.0	0.0	-0.149	0.0	0.0	-0.083	0.0	-0.159	0.0
-0.084	-0.128	-0.134	-0.116	-0.134	-0.138	1.0	0.0	-0.107	0.0	0.0	0.0	-0.094	-0.14	-0.124	0.0
0.0	0.0	0.0	0.0	0.0	0.0	0.0	1.0	0.0	-0.287	0.0	0.0	0.0	0.0	0.0	-0.501
-0.184	0.0	-0.101	0.0	-0.133	0.0	-0.107	0.0	1.0	0.0	0.0	0.0	-0.151	-0.168	0.0	0.0
0.0	-0.121	0.0	0.0	0.0	-0.149	0.0	-0.287	0.0	1.0	0.0	0.0	0.0	0.0	-0.192	-0.292
0.0	0.0	0.0	0.0	0.0	0.0	0.0	0.0	0.0	0.0	1.0	-0.443	0.0	-0.401	0.0	0.0
0.0	0.0	0.0	0.0	0.0	0.0	0.0	0.0	0.0	0.0	-0.443	1.0	0.0	-0.276	0.0	0.0
-0.186	-0.113	-0.12	-0.143	-0.118	-0.083	-0.094	0.0	-0.151	0.0	0.0	0.0	1.0	0.0	0.0	0.0
0.0	0.0	0.0	0.0	-0.136	0.0	-0.14	0.0	-0.168	0.0	-0.401	-0.276	0.0	1.0	0.0	0.0
0.0	0.0	0.0	0.0	0.0	-0.159	-0.124	0.0	0.0	-0.192	0.0	0.0	0.0	0.0	1.0	-0.258
0.0	0.0	0.0	0.0	0.0	0.0	0.0	-0.501	0.0	-0.292	0.0	0.0	0.0	0.0	-0.258	1.0

Eigenvalues or "Graph Adjacency Spectrum":

 [0.         0.18402602 0.26800184 0.77685287 0.90796365 1.03347586
 1.10247713 1.13287157 1.14376871 1.1805579  1.22395633 1.25797877
 1.34495012 1.36831768 1.50032752 1.57447404]

Eigenvectors:
-0.26	0.101	0.154	-0.395	0.063	-0.43	0.011	-0.174	-0.167	0.485	-0.053	0.467	-0.043	-0.176	-0.077	-0.007
-0.304	0.013	0.157	0.239	0.332	0.078	0.35	-0.335	-0.482	-0.005	0.202	-0.278	0.336	-0.093	-0.014	0.046
-0.309	0.083	0.182	0.054	0.148	0.163	-0.105	0.786	-0.215	0.194	0.19	-0.091	-0.218	-0.07	-0.056	0.023
-0.288	0.072	0.183	0.128	0.362	-0.104	-0.507	-0.17	0.264	0.103	-0.465	-0.36	-0.031	0.082	0.009	0.015
-0.324	0.124	0.102	-0.071	-0.075	0.477	0.113	-0.244	0.515	0.29	0.39	0.062	-0.078	0.184	0.116	0.011
-0.298	-0.058	0.111	0.478	-0.106	-0.017	0.268	0.205	0.301	-0.115	-0.336	0.427	0.321	-0.175	-0.045	-0.084
-0.326	0.08	0.078	0.12	-0.367	0.187	-0.437	-0.195	-0.428	-0.317	-0.003	0.307	-0.12	0.229	0.126	-0.091
-0.153	-0.471	-0.195	-0.28	0.254	0.243	-0.13	0.045	0.001	-0.152	-0.063	0.222	0.169	-0.032	0.036	0.623
-0.238	0.134	0.029	-0.493	-0.375	0.051	0.268	0.176	-0.064	-0.025	-0.38	-0.329	0.309	0.232	0.167	-0.002
-0.213	-0.425	-0.13	0.095	0.038	-0.054	0.417	-0.084	-0.078	0.031	-0.252	-0.053	-0.651	0.243	0.026	-0.084
-0.145	0.247	-0.537	0.088	0.145	-0.13	0.001	0.05	0.001	0.018	0.03	0.021	-0.037	-0.209	0.731	-0.032
-0.125	0.222	-0.491	0.099	0.185	-0.2	0.002	0.101	0.003	0.046	0.108	0.117	0.195	0.631	-0.369	0.006
-0.291	0.096	0.174	-0.239	0.111	-0.407	0.088	0.027	0.263	-0.657	0.314	-0.058	-0.15	-0.064	-0.051	0.01
-0.222	0.258	-0.438	-0.061	-0.171	0.232	-0.003	-0.128	-0.004	-0.059	-0.137	-0.143	-0.183	-0.506	-0.504	0.04
-0.176	-0.265	-0.071	0.28	-0.527	-0.411	-0.134	-0.011	0.061	0.233	0.257	-0.286	0.066	-0.047	-0.001	0.371
-0.185	-0.525	-0.21	-0.179	0.025	0.015	-0.212	0.036	0.044	0.037	0.173	-0.084	0.256	-0.115	-0.051	-0.667

Obtaining pollution data matrix, please wait...

Amount of data missing per station:

6.0, 4.0, 6.0, 5.0, 5.0, 31.0, 24.0, 5.0, 8.0, 24.0, 11.0, 14.0, 6.0, 22.0, 4.0, 4.0

Finding columns to be dropped...

These are the stations that do not fullfill the 0.85 constraint:
[]

Index of those columns:
[]

Size Data Set pre-Drop NA: 744.
Size Data Set post-Drop NA: 610.

MEAN: 21.918032786885245.
Reconstructing data on station: Barcelona (Eixample). For the second round, the faulty station will be: Barcelona (Ciutadella).

@@@@@@@@@@@@@@@@@@@@
@@@ Data Set: #0 @@@
@@@@@@@@@@@@@@@@@@@@

Splitting data set...

@@@@@@@@@@ LC @@@@@@@@@@
Linear Combination Reconstruction...

Linear combination RMSE: 15.277482623326103.
                    MBE: 13.946633122958675.


@@@@@@@@@@ MLR @@@@@@@@@@
Linear Regression - ML...
Summary of Training:

Coefficient of Determination: 0.7471276090797889.
Intercept: 0.0167360677453825.
Slope: [ 0.19543816  0.10039816  0.24822142  0.17441235  0.06910802 -0.05427091
  0.08538931 -0.04555407].

Linear Regression RMSE: 6.878916168227912.
                   MBE: -0.8382945716539316.


@@@@@@@@@@ Stankovic @@@@@@@@@@
Stankovic Method...

Stankovic RMSE: 19.248990952370395.
           MBE: 17.08756960368575.

@@@@@@@@@@@@@@@@@@@@
@@@ Data Set: #1 @@@
@@@@@@@@@@@@@@@@@@@@

Splitting data set...

@@@@@@@@@@ LC @@@@@@@@@@
Linear Combination Reconstruction...

Linear combination RMSE: 15.2728827177764.
                    MBE: 13.920406761425282.


@@@@@@@@@@ MLR @@@@@@@@@@
Linear Regression - ML...
Summary of Training:

Coefficient of Determination: 0.739295336138571.
Intercept: 0.25178787869486996.
Slope: [ 0.20027771  0.12286219  0.17996578  0.17968074  0.06535858 -0.05722431
  0.09723852 -0.01538668].

Linear Regression RMSE: 7.046011860562132.
                   MBE: -0.6098335352912085.


@@@@@@@@@@ Stankovic @@@@@@@@@@
Stankovic Method...

Stankovic RMSE: 19.243888288123653.
           MBE: 17.071527096064756.

